10
261.2060
512.4121
763.6181
1014.824
1266.030
1517.236
1768.442
2019.648
2270.854
2522.060
2773.266
3024.472
3275.678
3526.884
3778.090
4029.296
4280.503
4531.709
4782.915
5034.121
5285.327
5536.533
5787.739
6038.945
6290.151
6541.357
6792.563
7043.769
7294.975
7546.181
7797.387
8048.593
8299.799
8551.005
8802.211
9053.417
9304.623
9555.83
9807.035
10058.24
10309.45
10560.65
10811.86
11063.07
11314.27
11565.48
11816.68
12067.89
12319.10
12570.30
12821.51
13072.71
13323.92
13575.13
13826.33
14077.54
14328.74
14579.95
14831.16
15082.36
15333.57
15584.77
15835.98
16087.19
16338.39
16589.60
16840.80
17092.01
17343.22
17594.42
17845.63
18096.83
18348.04
18599.25
18850.45
19101.66
19352.86
19604.07
19855.28
20106.48
20357.69
20608.89
20860.1
21111.31
21362.51
21613.72
21864.92
22116.13
22367.34
22618.54
22869.75
23120.95
23372.16
23623.37
23874.57
24125.78
24376.98
24628.19
24879.40
25130.60
25381.81
25633.02
25884.22
26135.43
26386.63
26637.84
26889.05
27140.25
27391.46
27642.66
27893.87
28145.08
28396.28
28647.49
28898.69
29149.9
29401.11
29652.31
29903.52
30154.72
30405.93
30657.14
30908.34
31159.55
31410.75
31661.96
31913.17
32164.37
32415.58
32666.78
32917.99
33169.20
33420.4
33671.61
33922.81
34174.02
34425.23
34676.43
34927.64
35178.84
35430.05
35681.26
35932.46
36183.67
36434.87
36686.08
36937.29
37188.49
37439.7
37690.90
37942.11
38193.32
38444.52
38695.73
38946.93
39198.14
39449.35
39700.55
39951.76
40202.96
40454.17
40705.38
40956.58
41207.79
41458.99
41710.2
41961.41
42212.61
42463.82
42715.03
42966.23
43217.44
43468.64
43719.85
43971.06
44222.26
44473.47
44724.67
44975.88
45227.09
45478.29
45729.5
45980.7
46231.91
46483.12
46734.32
46985.53
47236.73
47487.94
47739.15
47990.35
48241.56
48492.76
48743.97
48995.18
49246.38
49497.59
49748.79
50000
