Croiss Ramif ICMeca Direction contr. (0 : isotrope, 1 verticale)
1.0    1.0   0.02          1
1.0    1.0   0.02          1
1.0    1.0   0.02          1
1.0    1.0   0.02          1
1.0    1.0   0.02          1
1.0    1.0   0.02          1
1.0    1.0   0.02          1
1.0    1.0   0.02          1
1.0    1.0   0.02          1
1.0    1.0   0.02          1
1.0    1.0   0.02          1
1.0    1.0   0.02          1
1.0    1.0   0.02          1
1.0    1.0   0.02          1
1.0    1.0   0.02          1
1.0    1.0   0.02          1
1.0    1.0   0.02          1
1.0    1.0   0.02          1
1.0    1.0   0.02          1
1.0    1.0   0.02          1
1.0    1.0   0.02          1
1.0    1.0   0.02          1
1.0    1.0   0.02          1
1.0    1.0   0.02          1
1.0    1.0   0.02          1
1.0    1.0   0.02          1
1.0    1.0   0.02          1
1.0    1.0   0.02          1
1.0    1.0   0.02          1
1.0    1.0   0.02          1
1.0    1.0   0.02          1
1.0    1.0   0.02          1
1.0    1.0   0.02          1
1.0    1.0   0.02          1
1.0    1.0   0.02          1
1.0    1.0   0.02          1
1.0    1.0   0.02          1
1.0    1.0   0.02          1
1.0    1.0   0.02          1
1.0    1.0   0.02          1
1.0    1.0   0.02          1
1.0    1.0   0.02          1
1.0    1.0   0.02          1
1.0    1.0   0.02          1
1.0    1.0   0.02          1
1.0    1.0   0.02          1
1.0    1.0   0.02          1
1.0    1.0   0.02          1
1.0    1.0   0.02          1
1.0    1.0   0.02          1
1.0    1.0   0.02          1
1.0    1.0   0.02          1
1.0    1.0   0.02          1
1.0    1.0   0.02          1
1.0    1.0   0.02          1
1.0    1.0   0.02          1
1.0    1.0   0.02          1
1.0    1.0   0.02          1
1.0    1.0   0.02          1
1.0    1.0   0.02          1
1.0    1.0   0.02          1
1.0    1.0   0.02          1
1.0    1.0   0.02          1
1.0    1.0   0.02          1
1.0    1.0   0.02          1
1.0    1.0   0.02          1
1.0    1.0   0.02          1
1.0    1.0   0.02          1
1.0    1.0   0.02          1
1.0    1.0   0.02          1
1.0    1.0   0.02          1
1.0    1.0   0.02          1
1.0    1.0   0.02          1
1.0    1.0   0.02          1
1.0    1.0   0.02          1
1.0    1.0   0.02          1
1.0    1.0   0.02          1
1.0    1.0   0.02          1
1.0    1.0   0.02          1
1.0    1.0   0.02          1
1.0    1.0   0.02          1
1.0    1.0   0.02          1
1.0    1.0   0.02          1
1.0    1.0   0.02          1
1.0    1.0   0.02          1
1.0    1.0   0.02          1
1.0    1.0   0.02          1
1.0    1.0   0.02          1
1.0    1.0   0.02          1
1.0    1.0   0.02          1
1.0    1.0   0.02          1
1.0    1.0   0.02          1
1.0    1.0   0.02          1
1.0    1.0   0.02          1
1.0    1.0   0.02          1
1.0    1.0   0.02          1
1.0    1.0   0.02          1
1.0    1.0   0.02          1
1.0    1.0   0.02          1
1.0    1.0   0.02          1
1.0    1.0   0.02          1
1.0    1.0   0.02          1
1.0    1.0   0.02          1
1.0    1.0   0.02          1
1.0    1.0   0.02          1
1.0    1.0   0.02          1
1.0    1.0   0.02          1
1.0    1.0   0.02          1
1.0    1.0   0.02          1
1.0    1.0   0.02          1
1.0    1.0   0.02          1
1.0    1.0   0.02          1
1.0    1.0   0.02          1
1.0    1.0   0.02          1
1.0    1.0   0.02          1
1.0    1.0   0.02          1
1.0    1.0   0.02          1
1.0    1.0   0.02          1
1.0    1.0   0.02          1
1.0    1.0   0.02          1
1.0    1.0   0.02          1
1.0    1.0   0.02          1
1.0    1.0   0.02          1
1.0    1.0   0.02          1
1.0    1.0   0.02          1
1.0    1.0   0.02          1
1.0    1.0   0.02          1
1.0    1.0   0.02          1
