1000000
2610206
5120412
7603018
1104824
1260030
1507236
1706442
20019648
2070854
2522060
2703266
3002472
3207578
3502684
3770809
4029296
4280503
4531709
4782915
5034121
5285327
5536533
5787739
6038945
6290151
6541357
6792563
7043769
7294975
7546181
7797387
8048593
8299799
8551005
8802211
9053417
9304623
9555830
9807035
1005824
1030945
1056065
1081186
1106307
1131427
1156548
1181668
1206789
1231910
1257030
1282151
1307271
1332392
1357513
1382633
1407754
1432874
1457995
1483116
1508236
1533357
1558477
1583598
1608719
1633839
1658960
1684080
1709201
1734322
1759442
1784563
1809683
1834804
1859925
1885045
1910166
1935286
1960407
1985528
2010648
2035769
2060889
208601
2111131
2136251
2161372
2186492
2211613
2236734
2261854
2286975
2312095
2337216
2362337
2387457
2412578
2437698
2462819
2487940
2513060
2538181
2563302
2588422
2613543
2638663
2663784
2688905
2714025
2739146
2764266
2789387
2814508
2839628
2864749
2889869
291499
2940111
2965231
2990352
3015472
3040593
3065714
3090834
3115955
3141075
3166196
3191317
3216437
3241558
3266678
3291799
3316920
334204
3367161
3392281
3417402
3442523
3467643
3492764
3517884
3543005
3568126
3593246
3618367
3643487
3668608
3693729
3718849
374397
3769090
3794211
3819332
3844452
3869573
3894693
3919814
3944935
3970055
3995176
4020296
4045417
4070538
4095658
4120779
4145899
417102
4196141
4221261
4246382
4271503
4296623
4321744
4346864
4371985
4397106
4422226
4447347
4472467
4497588
4522709
4547829
457295
459807
4623191
4648312
4673432
4698553
4723673
4748794
4773915
4799035
4824156
4849276
4874397
4899518
4924638
4949759
4974879
50000000
